{
 "cells": [
  {
   "cell_type": "code",
   "execution_count": 1,
   "id": "1dd07c88-e915-4214-939c-538d28b4985d",
   "metadata": {},
   "outputs": [],
   "source": [
    "import functools\n",
    "import jax\n",
    "import os\n",
    "\n",
    "from datetime import datetime\n",
    "from jax import numpy as jp\n",
    "import matplotlib.pyplot as plt\n",
    "\n",
    "from IPython.display import HTML, clear_output\n",
    "\n",
    "import brax\n",
    "\n",
    "import flax\n",
    "from brax.envs import env\n",
    "from brax import envs\n",
    "from brax import base\n",
    "from brax.io import model\n",
    "from brax.io import json\n",
    "from brax.io import html\n",
    "from brax.io import mjcf\n",
    "\n",
    "from a1 import A1\n",
    "from inverse_kinematics.inverse_kinematics_controller import InverseKinematicsController"
   ]
  },
  {
   "cell_type": "code",
   "execution_count": 2,
   "id": "3555f5d4-5159-40ec-9194-8f66e7615450",
   "metadata": {},
   "outputs": [
    {
     "name": "stderr",
     "output_type": "stream",
     "text": [
      "2023-04-12 11:18:14.818747: E external/xla/xla/stream_executor/cuda/cuda_dnn.cc:429] Could not create cudnn handle: CUDNN_STATUS_NOT_INITIALIZED\n",
      "2023-04-12 11:18:14.818805: E external/xla/xla/stream_executor/cuda/cuda_dnn.cc:438] Possibly insufficient driver version: 530.30.2\n"
     ]
    },
    {
     "ename": "XlaRuntimeError",
     "evalue": "FAILED_PRECONDITION: DNN library initialization failed. Look at the errors above for more details.",
     "output_type": "error",
     "traceback": [
      "\u001b[0;31m---------------------------------------------------------------------------\u001b[0m",
      "\u001b[0;31mXlaRuntimeError\u001b[0m                           Traceback (most recent call last)",
      "Cell \u001b[0;32mIn[2], line 1\u001b[0m\n\u001b[0;32m----> 1\u001b[0m a1_env \u001b[38;5;241m=\u001b[39m \u001b[43mA1\u001b[49m\u001b[43m(\u001b[49m\u001b[43m)\u001b[49m\n\u001b[1;32m      2\u001b[0m jit_env_reset \u001b[38;5;241m=\u001b[39m jax\u001b[38;5;241m.\u001b[39mjit(a1_env\u001b[38;5;241m.\u001b[39mreset, backend\u001b[38;5;241m=\u001b[39m\u001b[38;5;124m\"\u001b[39m\u001b[38;5;124mcpu\u001b[39m\u001b[38;5;124m\"\u001b[39m)\n\u001b[1;32m      3\u001b[0m jit_env_step \u001b[38;5;241m=\u001b[39m jax\u001b[38;5;241m.\u001b[39mjit(a1_env\u001b[38;5;241m.\u001b[39mstep, backend\u001b[38;5;241m=\u001b[39m\u001b[38;5;124m\"\u001b[39m\u001b[38;5;124mcpu\u001b[39m\u001b[38;5;124m\"\u001b[39m)\n",
      "File \u001b[0;32m/hdd/Workspace/Duy_WS/SAFE/brax-quadruped/a1.py:21\u001b[0m, in \u001b[0;36mA1.__init__\u001b[0;34m(self, path, backend, reset_noise_scale, **kwargs)\u001b[0m\n\u001b[1;32m     14\u001b[0m \u001b[38;5;28;01mdef\u001b[39;00m \u001b[38;5;21m__init__\u001b[39m(\n\u001b[1;32m     15\u001b[0m     \u001b[38;5;28mself\u001b[39m, \n\u001b[1;32m     16\u001b[0m     path\u001b[38;5;241m=\u001b[39m\u001b[38;5;124m\"\u001b[39m\u001b[38;5;124ma1/xml/a1.xml\u001b[39m\u001b[38;5;124m\"\u001b[39m, \n\u001b[0;32m   (...)\u001b[0m\n\u001b[1;32m     19\u001b[0m     \u001b[38;5;241m*\u001b[39m\u001b[38;5;241m*\u001b[39mkwargs\n\u001b[1;32m     20\u001b[0m ):\n\u001b[0;32m---> 21\u001b[0m     sys \u001b[38;5;241m=\u001b[39m \u001b[43mmjcf\u001b[49m\u001b[38;5;241;43m.\u001b[39;49m\u001b[43mload\u001b[49m\u001b[43m(\u001b[49m\u001b[43mpath\u001b[49m\u001b[43m)\u001b[49m\n\u001b[1;32m     22\u001b[0m     n_frames \u001b[38;5;241m=\u001b[39m \u001b[38;5;241m1\u001b[39m\n\u001b[1;32m     23\u001b[0m     kwargs[\u001b[38;5;124m'\u001b[39m\u001b[38;5;124mn_frames\u001b[39m\u001b[38;5;124m'\u001b[39m] \u001b[38;5;241m=\u001b[39m kwargs\u001b[38;5;241m.\u001b[39mget(\u001b[38;5;124m'\u001b[39m\u001b[38;5;124mn_frames\u001b[39m\u001b[38;5;124m'\u001b[39m, n_frames)\n",
      "File \u001b[0;32m~/miniconda3/envs/spirit-rl-pybullet/lib/python3.8/site-packages/brax/io/mjcf.py:512\u001b[0m, in \u001b[0;36mload\u001b[0;34m(path)\u001b[0m\n\u001b[1;32m    509\u001b[0m xml \u001b[38;5;241m=\u001b[39m ElementTree\u001b[38;5;241m.\u001b[39mtostring(elem, encoding\u001b[38;5;241m=\u001b[39m\u001b[38;5;124m'\u001b[39m\u001b[38;5;124municode\u001b[39m\u001b[38;5;124m'\u001b[39m)\n\u001b[1;32m    510\u001b[0m mj \u001b[38;5;241m=\u001b[39m mujoco\u001b[38;5;241m.\u001b[39mMjModel\u001b[38;5;241m.\u001b[39mfrom_xml_string(xml, assets\u001b[38;5;241m=\u001b[39massets)\n\u001b[0;32m--> 512\u001b[0m \u001b[38;5;28;01mreturn\u001b[39;00m \u001b[43mload_model\u001b[49m\u001b[43m(\u001b[49m\u001b[43mmj\u001b[49m\u001b[43m)\u001b[49m\n",
      "File \u001b[0;32m~/miniconda3/envs/spirit-rl-pybullet/lib/python3.8/site-packages/brax/io/mjcf.py:369\u001b[0m, in \u001b[0;36mload_model\u001b[0;34m(mj)\u001b[0m\n\u001b[1;32m    367\u001b[0m geom_groups\u001b[38;5;241m.\u001b[39msetdefault(key_fn(geom, \u001b[38;5;241m0\u001b[39m), [])\u001b[38;5;241m.\u001b[39mappend(geom)  \u001b[38;5;66;03m# visual only\u001b[39;00m\n\u001b[1;32m    368\u001b[0m \u001b[38;5;28;01mif\u001b[39;00m custom[\u001b[38;5;124m'\u001b[39m\u001b[38;5;124mconvex\u001b[39m\u001b[38;5;124m'\u001b[39m][i]:\n\u001b[0;32m--> 369\u001b[0m   geom \u001b[38;5;241m=\u001b[39m \u001b[43mgeom_mesh\u001b[49m\u001b[38;5;241;43m.\u001b[39;49m\u001b[43mconvex_hull\u001b[49m\u001b[43m(\u001b[49m\u001b[43mgeom\u001b[49m\u001b[43m)\u001b[49m\n\u001b[1;32m    370\u001b[0m \u001b[38;5;28;01melse\u001b[39;00m:\n\u001b[1;32m    371\u001b[0m   geom \u001b[38;5;241m=\u001b[39m geom_mesh\u001b[38;5;241m.\u001b[39mbox_tri(geom)\n",
      "File \u001b[0;32m~/miniconda3/envs/spirit-rl-pybullet/lib/python3.8/site-packages/brax/geometry/mesh.py:236\u001b[0m, in \u001b[0;36mconvex_hull\u001b[0;34m(obj)\u001b[0m\n\u001b[1;32m    234\u001b[0m \u001b[38;5;250m\u001b[39m\u001b[38;5;124;03m\"\"\"Creates a convex hull from a box or mesh.\"\"\"\u001b[39;00m\n\u001b[1;32m    235\u001b[0m \u001b[38;5;28;01mif\u001b[39;00m \u001b[38;5;28misinstance\u001b[39m(obj, Box):\n\u001b[0;32m--> 236\u001b[0m   \u001b[38;5;28;01mreturn\u001b[39;00m \u001b[43m_box_hull\u001b[49m\u001b[43m(\u001b[49m\u001b[43mobj\u001b[49m\u001b[43m)\u001b[49m\n\u001b[1;32m    237\u001b[0m key \u001b[38;5;241m=\u001b[39m (\u001b[38;5;28mhash\u001b[39m(obj\u001b[38;5;241m.\u001b[39mvert\u001b[38;5;241m.\u001b[39mdata\u001b[38;5;241m.\u001b[39mtobytes()), \u001b[38;5;28mhash\u001b[39m(obj\u001b[38;5;241m.\u001b[39mface\u001b[38;5;241m.\u001b[39mdata\u001b[38;5;241m.\u001b[39mtobytes()))  \u001b[38;5;66;03m# pytype: disable=attribute-error  # jax-ndarray\u001b[39;00m\n\u001b[1;32m    238\u001b[0m \u001b[38;5;28;01mif\u001b[39;00m key \u001b[38;5;129;01mnot\u001b[39;00m \u001b[38;5;129;01min\u001b[39;00m _CONVEX_CACHE:\n",
      "File \u001b[0;32m~/miniconda3/envs/spirit-rl-pybullet/lib/python3.8/site-packages/brax/geometry/mesh.py:137\u001b[0m, in \u001b[0;36m_box_hull\u001b[0;34m(b)\u001b[0m\n\u001b[1;32m    135\u001b[0m \u001b[38;5;28;01mdef\u001b[39;00m \u001b[38;5;21m_box_hull\u001b[39m(b: Box) \u001b[38;5;241m-\u001b[39m\u001b[38;5;241m>\u001b[39m Convex:\n\u001b[1;32m    136\u001b[0m \u001b[38;5;250m  \u001b[39m\u001b[38;5;124;03m\"\"\"Creates a mesh for a box with rectangular faces.\"\"\"\u001b[39;00m\n\u001b[0;32m--> 137\u001b[0m   vert, face \u001b[38;5;241m=\u001b[39m \u001b[43m_box\u001b[49m\u001b[43m(\u001b[49m\u001b[43mb\u001b[49m\u001b[43m,\u001b[49m\u001b[43m \u001b[49m\u001b[43mtriangulated\u001b[49m\u001b[38;5;241;43m=\u001b[39;49m\u001b[38;5;28;43;01mFalse\u001b[39;49;00m\u001b[43m)\u001b[49m\n\u001b[1;32m    138\u001b[0m   \u001b[38;5;28;01mreturn\u001b[39;00m Convex(  \u001b[38;5;66;03m# pytype: disable=wrong-arg-types  # jax-ndarray\u001b[39;00m\n\u001b[1;32m    139\u001b[0m       vert\u001b[38;5;241m=\u001b[39mvert,\n\u001b[1;32m    140\u001b[0m       face\u001b[38;5;241m=\u001b[39mface,\n\u001b[0;32m   (...)\u001b[0m\n\u001b[1;32m    146\u001b[0m       rgba\u001b[38;5;241m=\u001b[39mb\u001b[38;5;241m.\u001b[39mrgba,\n\u001b[1;32m    147\u001b[0m   )\n",
      "File \u001b[0;32m~/miniconda3/envs/spirit-rl-pybullet/lib/python3.8/site-packages/brax/geometry/mesh.py:114\u001b[0m, in \u001b[0;36m_box\u001b[0;34m(b, triangulated)\u001b[0m\n\u001b[1;32m    110\u001b[0m \u001b[38;5;28;01massert\u001b[39;00m b\u001b[38;5;241m.\u001b[39mhalfsize\u001b[38;5;241m.\u001b[39mshape \u001b[38;5;241m==\u001b[39m (\n\u001b[1;32m    111\u001b[0m     \u001b[38;5;241m3\u001b[39m,\n\u001b[1;32m    112\u001b[0m ), \u001b[38;5;124mf\u001b[39m\u001b[38;5;124m'\u001b[39m\u001b[38;5;124mBox halfsize should have shape (3,), got \u001b[39m\u001b[38;5;132;01m{\u001b[39;00mb\u001b[38;5;241m.\u001b[39mhalfsize\u001b[38;5;241m.\u001b[39mshape\u001b[38;5;132;01m}\u001b[39;00m\u001b[38;5;124m'\u001b[39m\n\u001b[1;32m    113\u001b[0m box_corners \u001b[38;5;241m=\u001b[39m jp\u001b[38;5;241m.\u001b[39marray(_BOX_CORNERS)\n\u001b[0;32m--> 114\u001b[0m vert \u001b[38;5;241m=\u001b[39m \u001b[43mbox_corners\u001b[49m\u001b[43m \u001b[49m\u001b[38;5;241;43m*\u001b[39;49m\u001b[43m \u001b[49m\u001b[43mb\u001b[49m\u001b[38;5;241;43m.\u001b[39;49m\u001b[43mhalfsize\u001b[49m\u001b[38;5;241;43m.\u001b[39;49m\u001b[43mreshape\u001b[49m\u001b[43m(\u001b[49m\u001b[38;5;241;43m-\u001b[39;49m\u001b[38;5;241;43m1\u001b[39;49m\u001b[43m,\u001b[49m\u001b[43m \u001b[49m\u001b[38;5;241;43m3\u001b[39;49m\u001b[43m)\u001b[49m\n\u001b[1;32m    115\u001b[0m box_faces \u001b[38;5;241m=\u001b[39m _TRIANGULATED_BOX_FACES \u001b[38;5;28;01mif\u001b[39;00m triangulated \u001b[38;5;28;01melse\u001b[39;00m _BOX_FACES\n\u001b[1;32m    116\u001b[0m face_dim \u001b[38;5;241m=\u001b[39m \u001b[38;5;241m3\u001b[39m \u001b[38;5;28;01mif\u001b[39;00m triangulated \u001b[38;5;28;01melse\u001b[39;00m \u001b[38;5;241m4\u001b[39m\n",
      "File \u001b[0;32m~/miniconda3/envs/spirit-rl-pybullet/lib/python3.8/site-packages/jax/_src/numpy/array_methods.py:251\u001b[0m, in \u001b[0;36m_defer_to_unrecognized_arg.<locals>.deferring_binary_op\u001b[0;34m(self, other)\u001b[0m\n\u001b[1;32m    249\u001b[0m args \u001b[38;5;241m=\u001b[39m (other, \u001b[38;5;28mself\u001b[39m) \u001b[38;5;28;01mif\u001b[39;00m swap \u001b[38;5;28;01melse\u001b[39;00m (\u001b[38;5;28mself\u001b[39m, other)\n\u001b[1;32m    250\u001b[0m \u001b[38;5;28;01mif\u001b[39;00m \u001b[38;5;28misinstance\u001b[39m(other, _accepted_binop_types):\n\u001b[0;32m--> 251\u001b[0m   \u001b[38;5;28;01mreturn\u001b[39;00m \u001b[43mbinary_op\u001b[49m\u001b[43m(\u001b[49m\u001b[38;5;241;43m*\u001b[39;49m\u001b[43margs\u001b[49m\u001b[43m)\u001b[49m\n\u001b[1;32m    252\u001b[0m \u001b[38;5;28;01mif\u001b[39;00m \u001b[38;5;28misinstance\u001b[39m(other, _rejected_binop_types):\n\u001b[1;32m    253\u001b[0m   \u001b[38;5;28;01mraise\u001b[39;00m \u001b[38;5;167;01mTypeError\u001b[39;00m(\u001b[38;5;124mf\u001b[39m\u001b[38;5;124m\"\u001b[39m\u001b[38;5;124munsupported operand type(s) for \u001b[39m\u001b[38;5;132;01m{\u001b[39;00mopchar\u001b[38;5;132;01m}\u001b[39;00m\u001b[38;5;124m: \u001b[39m\u001b[38;5;124m\"\u001b[39m\n\u001b[1;32m    254\u001b[0m                   \u001b[38;5;124mf\u001b[39m\u001b[38;5;124m\"\u001b[39m\u001b[38;5;132;01m{\u001b[39;00m\u001b[38;5;28mtype\u001b[39m(args[\u001b[38;5;241m0\u001b[39m])\u001b[38;5;241m.\u001b[39m\u001b[38;5;18m__name__\u001b[39m\u001b[38;5;132;01m!r}\u001b[39;00m\u001b[38;5;124m and \u001b[39m\u001b[38;5;132;01m{\u001b[39;00m\u001b[38;5;28mtype\u001b[39m(args[\u001b[38;5;241m1\u001b[39m])\u001b[38;5;241m.\u001b[39m\u001b[38;5;18m__name__\u001b[39m\u001b[38;5;132;01m!r}\u001b[39;00m\u001b[38;5;124m\"\u001b[39m)\n",
      "    \u001b[0;31m[... skipping hidden 11 frame]\u001b[0m\n",
      "File \u001b[0;32m~/miniconda3/envs/spirit-rl-pybullet/lib/python3.8/site-packages/jax/_src/dispatch.py:471\u001b[0m, in \u001b[0;36mbackend_compile\u001b[0;34m(backend, built_c, options, host_callbacks)\u001b[0m\n\u001b[1;32m    466\u001b[0m   \u001b[38;5;28;01mreturn\u001b[39;00m backend\u001b[38;5;241m.\u001b[39mcompile(built_c, compile_options\u001b[38;5;241m=\u001b[39moptions,\n\u001b[1;32m    467\u001b[0m                          host_callbacks\u001b[38;5;241m=\u001b[39mhost_callbacks)\n\u001b[1;32m    468\u001b[0m \u001b[38;5;66;03m# Some backends don't have `host_callbacks` option yet\u001b[39;00m\n\u001b[1;32m    469\u001b[0m \u001b[38;5;66;03m# TODO(sharadmv): remove this fallback when all backends allow `compile`\u001b[39;00m\n\u001b[1;32m    470\u001b[0m \u001b[38;5;66;03m# to take in `host_callbacks`\u001b[39;00m\n\u001b[0;32m--> 471\u001b[0m \u001b[38;5;28;01mreturn\u001b[39;00m \u001b[43mbackend\u001b[49m\u001b[38;5;241;43m.\u001b[39;49m\u001b[43mcompile\u001b[49m\u001b[43m(\u001b[49m\u001b[43mbuilt_c\u001b[49m\u001b[43m,\u001b[49m\u001b[43m \u001b[49m\u001b[43mcompile_options\u001b[49m\u001b[38;5;241;43m=\u001b[39;49m\u001b[43moptions\u001b[49m\u001b[43m)\u001b[49m\n",
      "\u001b[0;31mXlaRuntimeError\u001b[0m: FAILED_PRECONDITION: DNN library initialization failed. Look at the errors above for more details."
     ]
    }
   ],
   "source": [
    "a1_env = A1()\n",
    "jit_env_reset = jax.jit(a1_env.reset, backend=\"cpu\")\n",
    "jit_env_step = jax.jit(a1_env.step, backend=\"cpu\")"
   ]
  },
  {
   "cell_type": "markdown",
   "id": "bd3aa75c-0aab-44c4-b00f-13d890b25f85",
   "metadata": {},
   "source": [
    "Use the inverse kinematics controller as nominal trajectory, then improve it using ILQR (cost is robot's stability)"
   ]
  },
  {
   "cell_type": "code",
   "execution_count": null,
   "id": "eb0eef21-72f5-45f0-916f-79c8e06e3d82",
   "metadata": {},
   "outputs": [],
   "source": [
    "controller = InverseKinematicsController(Xdist=0.366, Ydist=0.28, height=0.25, coxa=0.038, femur=0.2, tibia=0.2, L=0.8, angle=0, T=1.0, dt=0.01)"
   ]
  },
  {
   "cell_type": "code",
   "execution_count": null,
   "id": "3861f1b9-c436-4389-9f88-9e9bf7fa5435",
   "metadata": {},
   "outputs": [],
   "source": [
    "# bring robot to standing position and take the first step of the controller\n",
    "rollout = []\n",
    "rng = jax.random.PRNGKey(seed=1)\n",
    "state = jit_env_reset(rng=rng)\n",
    "\n",
    "current_joint = jp.array([\n",
    "    0., 1.4, -2.6, \n",
    "    0., 1.4, -2.6, \n",
    "    0., 1.4, -2.6, \n",
    "    0., 1.4, -2.6\n",
    "])\n",
    "\n",
    "# stand up\n",
    "reference_joint = jp.array([\n",
    "    0.0, 0.6, -1.5, \n",
    "    0.0, 0.6, -1.5, \n",
    "    0.0, 0.6, -1.5,\n",
    "    0.0, 0.6, -1.5\n",
    "])\n",
    "\n",
    "trajectory = jp.linspace(current_joint, reference_joint, 100)\n",
    "\n",
    "for action in trajectory:\n",
    "    rollout.append(state.pipeline_state)\n",
    "    state = jit_env_step(state, action)\n",
    "\n",
    "# move from stable stance to first step of performance controller\n",
    "reference_joint = jp.array(controller.get_action(\n",
    "    joint_order = [\"FR\", \"FL\", \"BR\", \"BL\"], offset=[0, 0, 0, 0, 0, 0, 0, 0, 0, 0, 0, 0]\n",
    "))\n",
    "\n",
    "trajectory = jp.linspace(state.pipeline_state.q[7:], reference_joint, 50)\n",
    "\n",
    "for action in trajectory:\n",
    "    rollout.append(state.pipeline_state)\n",
    "    state = jit_env_step(state, action)"
   ]
  },
  {
   "cell_type": "code",
   "execution_count": null,
   "id": "593fd75a-f770-4972-a348-beccdd52b9d4",
   "metadata": {},
   "outputs": [],
   "source": [
    "import copy\n",
    "# start ILQR\n",
    "init_state = copy.deepcopy(state)"
   ]
  },
  {
   "cell_type": "code",
   "execution_count": 7,
   "id": "6c1e9480-8155-428a-adad-2d495396bff8",
   "metadata": {},
   "outputs": [
    {
     "data": {
      "text/plain": [
       "State(pipeline_state=State(q=Array([-1.7871406e-02, -9.0128271e-04,  2.7165914e-01,  9.9769437e-01,\n",
       "        6.7612510e-03, -3.4949272e-03, -6.7439020e-02,  1.4658351e-01,\n",
       "        1.0323814e+00, -1.8317171e+00, -1.4854372e-01,  7.9488891e-01,\n",
       "       -1.8152134e+00,  1.4490052e-01,  7.5020140e-01, -1.8183707e+00,\n",
       "       -1.4611095e-01,  1.0382730e+00, -1.8297520e+00], dtype=float32), qd=Array([ 0.2899591 , -0.04669133, -0.05286638,  0.6081843 , -0.09735972,\n",
       "       -0.5360012 , -0.27266806,  1.2771477 , -0.32450888, -0.66507244,\n",
       "        1.0427214 , -0.30620658,  1.3593173 ,  1.1573977 , -2.6940699 ,\n",
       "       -0.93962914,  1.5012367 , -0.13914491], dtype=float32), x=Transform(pos=Array([[-0.01787141, -0.00090128,  0.27165914],\n",
       "       [ 0.15713711, -0.07210389,  0.2721122 ],\n",
       "       [ 0.14591685, -0.15530705,  0.25851652],\n",
       "       [-0.02140658, -0.11603074,  0.15624125],\n",
       "       [ 0.16978197,  0.02103249,  0.27342469],\n",
       "       [ 0.18119614,  0.10453698,  0.26201338],\n",
       "       [ 0.03804474,  0.10501775,  0.12234433],\n",
       "       [-0.20552479, -0.02283505,  0.2698936 ],\n",
       "       [-0.21674895, -0.10606065,  0.2564392 ],\n",
       "       [-0.347879  , -0.06488779,  0.11114736],\n",
       "       [-0.19287993,  0.07030132,  0.27120608],\n",
       "       [-0.18146329,  0.15383324,  0.2599998 ],\n",
       "       [-0.35339403,  0.16368823,  0.15830073]], dtype=float32), rot=Array([[ 0.9976944 ,  0.00676125, -0.00349493, -0.06743902],\n",
       "       [ 0.9945208 ,  0.07980042, -0.00842384, -0.06700205],\n",
       "       [ 0.8690981 ,  0.10247313,  0.48354015, -0.01888491],\n",
       "       [ 0.9128651 ,  0.04744005, -0.39474034, -0.09277297],\n",
       "       [ 0.99544555, -0.0672899 ,  0.00151893, -0.06751243],\n",
       "       [ 0.91726583, -0.03591328,  0.38670096, -0.0882955 ],\n",
       "       [ 0.86943257, -0.09168915, -0.48476928, -0.02605683],\n",
       "       [ 0.99458766,  0.07896352, -0.00836746, -0.06700912],\n",
       "       [ 0.9285002 ,  0.0980231 ,  0.35659766, -0.03342046],\n",
       "       [ 0.8518169 ,  0.03385543, -0.5135004 , -0.09787373],\n",
       "       [ 0.9955267 , -0.066079  ,  0.0014368 , -0.06751423],\n",
       "       [ 0.8636511 , -0.02387708,  0.49515873, -0.09140291],\n",
       "       [ 0.919138  , -0.08699799, -0.38244042, -0.03682334]],      dtype=float32)), xd=Motion(ang=Array([[ 0.6081843 , -0.09735972, -0.5360012 ],\n",
       "       [ 0.3380031 , -0.0606547 , -0.53765404],\n",
       "       [ 0.5064913 ,  1.1887598 , -0.33349538],\n",
       "       [ 0.46368033,  0.87129754, -0.3853698 ],\n",
       "       [-0.05082238, -0.00783144, -0.54003274],\n",
       "       [ 0.08911656,  1.0159419 , -0.6799367 ],\n",
       "       [ 0.04802195,  0.71529955, -0.63885236],\n",
       "       [ 1.9551041 , -0.28034332, -0.5277613 ],\n",
       "       [ 2.1078477 ,  0.85222733, -0.34466827],\n",
       "       [ 1.7523074 , -1.7840527 , -0.77085304],\n",
       "       [-0.32287502,  0.0291278 , -0.541697  ],\n",
       "       [-0.12135722,  1.5035686 , -0.73950124],\n",
       "       [-0.14003527,  1.3669074 , -0.7211674 ]], dtype=float32), vel=Array([[ 0.2899591 , -0.04669133, -0.05286638],\n",
       "       [ 0.28071037, -0.11617804, -0.08413428],\n",
       "       [ 0.26108378, -0.1746565 ,  0.2899409 ],\n",
       "       [ 0.29004455, -0.18523607,  0.33078527],\n",
       "       [ 0.26572362, -0.22336301, -0.0146062 ],\n",
       "       [ 0.21371904, -0.17197445,  0.30942157],\n",
       "       [ 0.24328758, -0.17249322,  0.3352013 ],\n",
       "       [ 0.33753046,  0.30746928,  0.03581893],\n",
       "       [-0.04760438,  0.35678414,  0.05206359],\n",
       "       [-0.73791414,  0.33659336,  0.75284296],\n",
       "       [ 0.25653005, -0.28829777,  0.04619069],\n",
       "       [-0.17005596, -0.20402074,  0.2398004 ],\n",
       "       [-0.18878733, -0.194797  ,  0.2894715 ]], dtype=float32)), contact=None, com=Array([[-0.02381957,  0.0010548 ,  0.24911918],\n",
       "       [-0.02381957,  0.0010548 ,  0.24911918],\n",
       "       [-0.02381957,  0.0010548 ,  0.24911918],\n",
       "       [-0.02381957,  0.0010548 ,  0.24911918],\n",
       "       [-0.02381957,  0.0010548 ,  0.24911918],\n",
       "       [-0.02381957,  0.0010548 ,  0.24911918],\n",
       "       [-0.02381957,  0.0010548 ,  0.24911918],\n",
       "       [-0.02381957,  0.0010548 ,  0.24911918],\n",
       "       [-0.02381957,  0.0010548 ,  0.24911918],\n",
       "       [-0.02381957,  0.0010548 ,  0.24911918],\n",
       "       [-0.02381957,  0.0010548 ,  0.24911918],\n",
       "       [-0.02381957,  0.0010548 ,  0.24911918],\n",
       "       [-0.02381957,  0.0010548 ,  0.24911918]], dtype=float32), cinr=Inertia(transform=Transform(pos=Array([[ 0.08886039, -0.0071216 ,  0.10918785],\n",
       "       [ 0.12360351, -0.05104399,  0.01593981],\n",
       "       [ 0.1500248 , -0.13104966,  0.00174818],\n",
       "       [ 0.02302034, -0.02628348, -0.04062698],\n",
       "       [ 0.13252279,  0.0146515 ,  0.01686473],\n",
       "       [ 0.18258524,  0.08330996, -0.00092922],\n",
       "       [ 0.03954558,  0.01803331, -0.04305196],\n",
       "       [-0.12424231, -0.01737339,  0.01442434],\n",
       "       [-0.21303965, -0.08070301, -0.0069233 ],\n",
       "       [-0.04646277, -0.01639601, -0.04428282],\n",
       "       [-0.11532298,  0.04832228,  0.0153496 ],\n",
       "       [-0.18814172,  0.13451025,  0.0027166 ],\n",
       "       [-0.05295324,  0.03114384, -0.04041716]], dtype=float32), rot=Array([[ 0.04444   ,  0.70744884, -0.05235203,  0.7034205 ],\n",
       "       [ 0.50161946,  0.5727613 ,  0.41115633,  0.5012712 ],\n",
       "       [ 0.8882508 ,  0.09548403,  0.44839936, -0.02883094],\n",
       "       [ 0.7170028 , -0.22774932, -0.2980942 ,  0.5875178 ],\n",
       "       [ 0.55881566,  0.49094388,  0.50568193,  0.43701828],\n",
       "       [ 0.93310386, -0.03402888,  0.34886092, -0.08034498],\n",
       "       [ 0.6431855 , -0.39168257, -0.2629749 ,  0.6031099 ],\n",
       "       [ 0.48797062,  0.56040645,  0.42755568,  0.5148063 ],\n",
       "       [ 0.9422737 ,  0.09131357,  0.3191366 , -0.04397584],\n",
       "       [ 0.6797906 , -0.32228962, -0.37360904,  0.5426147 ],\n",
       "       [ 0.57001334,  0.5058958 ,  0.49122718,  0.42172274],\n",
       "       [ 0.88397187, -0.02139366,  0.4593145 , -0.08465285],\n",
       "       [ 0.6840431 , -0.31496403, -0.19326873,  0.6289117 ]],      dtype=float32)), i=Array([[[ 2.0213014e-02,  5.4960791e-03, -1.7644048e-03],\n",
       "        [ 5.4960791e-03,  6.0046468e-02,  3.4844215e-05],\n",
       "        [-1.7644049e-03,  3.4844186e-05,  6.6504166e-02]],\n",
       "\n",
       "       [[ 4.5862435e-03,  9.1179656e-03, -2.8246823e-03],\n",
       "        [ 9.1179656e-03,  2.3108356e-02,  1.2092253e-03],\n",
       "        [-2.8246823e-03,  1.2092253e-03,  2.6254011e-02]],\n",
       "\n",
       "       [[ 1.9866591e-02,  2.0004595e-02, -2.2012312e-03],\n",
       "        [ 2.0004595e-02,  2.7216263e-02,  6.4518902e-04],\n",
       "        [-2.2012312e-03,  6.4518902e-04,  4.3303799e-02]],\n",
       "\n",
       "       [[ 1.2131556e-02,  2.6231876e-03,  5.8158189e-03],\n",
       "        [ 2.6231876e-03,  1.3049324e-02, -4.6662362e-03],\n",
       "        [ 5.8158189e-03, -4.6662362e-03,  7.0617883e-03]],\n",
       "\n",
       "       [[ 1.1899151e-03, -2.7540757e-03, -3.2153914e-03],\n",
       "        [-2.7540757e-03,  2.6441010e-02, -3.8911105e-04],\n",
       "        [-3.2153914e-03, -3.8911105e-04,  2.6099250e-02]],\n",
       "\n",
       "       [[ 1.0585079e-02, -1.5088534e-02, -1.9149106e-03],\n",
       "        [-1.5088534e-02,  3.8062155e-02,  1.0194863e-04],\n",
       "        [-1.9149106e-03,  1.0194864e-04,  4.2912710e-02]],\n",
       "\n",
       "       [[ 1.0826747e-02, -2.6460276e-03,  9.0438612e-03],\n",
       "        [-2.6460276e-03,  1.8407011e-02,  3.0862081e-03],\n",
       "        [ 9.0438612e-03,  3.0862081e-03,  1.0718790e-02]],\n",
       "\n",
       "       [[ 1.2053262e-03, -3.0663013e-03,  2.5785989e-03],\n",
       "        [-3.0663013e-03,  2.3274839e-02,  4.0006894e-04],\n",
       "        [ 2.5785989e-03,  4.0006894e-04,  2.3171477e-02]],\n",
       "\n",
       "       [[ 1.0540547e-02, -1.6529130e-02, -3.4158514e-03],\n",
       "        [-1.6529130e-02,  4.9838148e-02,  4.7662823e-05],\n",
       "        [-3.4158514e-03,  4.7662823e-05,  5.4217812e-02]],\n",
       "\n",
       "       [[ 1.0789761e-02, -3.2753139e-03, -7.6257978e-03],\n",
       "        [-3.2753139e-03,  2.1628454e-02, -3.2675860e-03],\n",
       "        [-7.6257978e-03, -3.2675858e-03,  1.3251688e-02]],\n",
       "\n",
       "       [[ 4.1713286e-03,  8.0604497e-03,  2.5373849e-03],\n",
       "        [ 8.0604497e-03,  2.0241188e-02, -1.0988429e-03],\n",
       "        [ 2.5373849e-03, -1.0988429e-03,  2.3020726e-02]],\n",
       "\n",
       "       [[ 2.0612188e-02,  2.5066119e-02, -1.4747985e-03],\n",
       "        [ 2.5066119e-02,  4.0095616e-02, -2.1590630e-04],\n",
       "        [-1.4747988e-03, -2.1590624e-04,  5.6950688e-02]],\n",
       "\n",
       "       [[ 1.3448448e-02,  7.7150916e-03, -7.8575518e-03],\n",
       "        [ 7.7150916e-03,  2.2920020e-02,  5.1099784e-03],\n",
       "        [-7.8575518e-03,  5.1099784e-03,  1.8318644e-02]]], dtype=float32), mass=Array([4.714, 0.696, 1.013, 0.226, 0.696, 1.013, 0.226, 0.696, 1.013,\n",
       "       0.226, 0.696, 1.013, 0.226], dtype=float32)), cd=Motion(ang=Array([[ 0.5937673 , -0.17135684, -0.53361183],\n",
       "       [ 0.32358608, -0.13465181, -0.5352647 ],\n",
       "       [ 0.4920743 ,  1.1147629 , -0.331106  ],\n",
       "       [ 0.44926333,  0.7973007 , -0.38298044],\n",
       "       [-0.06523937, -0.08182857, -0.5376434 ],\n",
       "       [ 0.07469955,  0.9419447 , -0.67754734],\n",
       "       [ 0.03360495,  0.64130235, -0.636463  ],\n",
       "       [ 1.940687  , -0.35434043, -0.5253719 ],\n",
       "       [ 2.0934305 ,  0.7782301 , -0.3422789 ],\n",
       "       [ 1.7378902 , -1.8580493 , -0.76846355],\n",
       "       [-0.33729202, -0.0448693 , -0.53930765],\n",
       "       [-0.1357742 ,  1.4295715 , -0.7371118 ],\n",
       "       [-0.15445225,  1.2929102 , -0.71877795]], dtype=float32), vel=Array([[ 0.29486525, -0.03013384, -0.05272419],\n",
       "       [ 0.29414222, -0.03604702, -0.06584827],\n",
       "       [ 0.25047842, -0.06911684,  0.17256802],\n",
       "       [ 0.22706692, -0.06501547,  0.16678946],\n",
       "       [ 0.29260868, -0.04537081, -0.02222595],\n",
       "       [ 0.26493037, -0.01488391,  0.17318249],\n",
       "       [ 0.23108771, -0.01221579,  0.15885578],\n",
       "       [ 0.29846978, -0.00065515,  0.01270258],\n",
       "       [ 0.27056724,  0.03578696, -0.18944238],\n",
       "       [-0.06506121, -0.05326767,  0.64142346],\n",
       "       [ 0.29167712, -0.05166098, -0.00963559],\n",
       "       [ 0.24541406, -0.08065093, -0.2728595 ],\n",
       "       [ 0.2359844 , -0.07291225, -0.22478177]], dtype=float32)), cdof=Motion(ang=Array([[ 0.        ,  0.        ,  0.        ],\n",
       "       [ 0.        ,  0.        ,  0.        ],\n",
       "       [ 0.        ,  0.        ,  0.        ],\n",
       "       [ 0.99087954, -0.13461432,  0.00606179],\n",
       "       [ 0.1345198 ,  0.99081254,  0.01396271],\n",
       "       [-0.00788568, -0.01301994,  0.9998841 ],\n",
       "       [ 0.99087954, -0.13461432,  0.00606179],\n",
       "       [ 0.1319254 ,  0.9782852 ,  0.15985519],\n",
       "       [ 0.13192542,  0.97828525,  0.15985519],\n",
       "       [ 0.99087954, -0.13461432,  0.00606179],\n",
       "       [ 0.13420548,  0.9818283 , -0.13417195],\n",
       "       [ 0.13420549,  0.98182845, -0.13417196],\n",
       "       [ 0.99087954, -0.13461432,  0.00606179],\n",
       "       [ 0.13197145,  0.9785491 ,  0.15819368],\n",
       "       [ 0.13197142,  0.978549  ,  0.15819362],\n",
       "       [ 0.99087954, -0.13461432,  0.00606179],\n",
       "       [ 0.13423455,  0.9821508 , -0.13176082],\n",
       "       [ 0.13423456,  0.9821508 , -0.13176084]], dtype=float32), vel=Array([[ 1.0000000e+00,  0.0000000e+00,  0.0000000e+00],\n",
       "       [ 0.0000000e+00,  1.0000000e+00,  0.0000000e+00],\n",
       "       [ 0.0000000e+00,  0.0000000e+00,  1.0000000e+00],\n",
       "       [ 3.0223427e-03,  2.2298319e-02,  1.1375308e-03],\n",
       "       [-2.2360178e-02,  2.9490171e-03,  6.1566485e-03],\n",
       "       [-1.6623841e-03, -6.1252196e-03, -9.2869755e-05],\n",
       "       [ 2.6517150e-03,  2.1686375e-02,  4.8132081e-02],\n",
       "       [-3.4188528e-02, -2.5893498e-02,  1.8667872e-01],\n",
       "       [ 7.2144397e-02, -1.2638687e-02,  1.7807126e-02],\n",
       "       [ 3.3929690e-03,  2.2910250e-02, -4.5857023e-02],\n",
       "       [-2.6544288e-02,  2.9237827e-02,  1.8740234e-01],\n",
       "       [ 1.1052227e-01, -8.7134335e-03,  4.6787709e-02],\n",
       "       [ 2.6517166e-03,  2.1686390e-02,  4.8132084e-02],\n",
       "       [-2.4107989e-02,  3.1486243e-02, -1.7465471e-01],\n",
       "       [ 1.2458046e-01,  3.3055797e-02, -3.0840546e-01],\n",
       "       [ 3.3929707e-03,  2.2910262e-02, -4.5857023e-02],\n",
       "       [-3.0816630e-02, -1.9310709e-02, -1.7533804e-01],\n",
       "       [ 6.7768700e-02, -5.5615984e-02, -3.4552285e-01]], dtype=float32)), cdofd=Motion(ang=Array([[ 0.        ,  0.        ,  0.        ],\n",
       "       [ 0.        ,  0.        ,  0.        ],\n",
       "       [ 0.        ,  0.        ,  0.        ],\n",
       "       [ 0.        ,  0.        , -0.        ],\n",
       "       [ 0.        ,  0.        ,  0.        ],\n",
       "       [ 0.        , -0.        ,  0.        ],\n",
       "       [-0.07287052, -0.53234434,  0.08986442],\n",
       "       [ 0.50211674, -0.12234192,  0.33432347],\n",
       "       [ 0.50211674, -0.12234193,  0.33432347],\n",
       "       [-0.07287052, -0.53234434,  0.08986442],\n",
       "       [ 0.5388526 , -0.08090798, -0.05307202],\n",
       "       [ 0.53885263, -0.08090799, -0.05307201],\n",
       "       [-0.07287052, -0.53234434,  0.08986442],\n",
       "       [ 0.4580478 , -0.37633848,  1.9458203 ],\n",
       "       [ 0.45804772, -0.37633836,  1.9458202 ],\n",
       "       [-0.07287052, -0.53234434,  0.08986442],\n",
       "       [ 0.53559345, -0.11683559, -0.3252486 ],\n",
       "       [ 0.5355934 , -0.1168356 , -0.32524863]], dtype=float32), vel=Array([[ 0.        ,  0.        ,  0.        ],\n",
       "       [ 0.        ,  0.        ,  0.        ],\n",
       "       [ 0.        ,  0.        ,  0.        ],\n",
       "       [-0.00739961, -0.05414189,  0.00723284],\n",
       "       [ 0.05172874, -0.01116019,  0.29357603],\n",
       "       [-0.04737424, -0.28950864, -0.00414344],\n",
       "       [-0.00395575, -0.08402498,  0.00349697],\n",
       "       [ 0.01965958, -0.09781395,  0.2795282 ],\n",
       "       [-0.16420346, -0.04992403,  0.16751453],\n",
       "       [ 0.012803  , -0.02861286,  0.00435068],\n",
       "       [ 0.02829421,  0.0627744 ,  0.28930092],\n",
       "       [-0.12987082, -0.01959082,  0.1573569 ],\n",
       "       [-0.00395574, -0.08402498,  0.00349698],\n",
       "       [ 0.06589547,  0.3060761 ,  0.3447163 ],\n",
       "       [-0.03765619,  0.53518116,  0.23228818],\n",
       "       [ 0.01280301, -0.02861287,  0.00435069],\n",
       "       [ 0.01372338, -0.00538229,  0.29853624],\n",
       "       [-0.256329  , -0.10115741,  0.16253076]], dtype=float32)), mass_mx=Array([[ 1.24640007e+01,  0.00000000e+00,  0.00000000e+00,\n",
       "         3.76403034e-02, -2.78474003e-01, -2.07033362e-02,\n",
       "         9.48212575e-03, -5.52436262e-02, -1.92385968e-02,\n",
       "         9.51252133e-03, -6.24729134e-02, -1.48720425e-02,\n",
       "         1.07763335e-02, -6.46170527e-02, -1.25839803e-02,\n",
       "         8.27707630e-03, -5.33827171e-02, -2.02764794e-02],\n",
       "       [ 0.00000000e+00,  1.24640007e+01,  0.00000000e+00,\n",
       "         2.77703613e-01,  3.67271043e-02, -7.62834847e-02,\n",
       "         6.64911494e-02,  7.09224492e-04,  6.18330948e-03,\n",
       "         7.33503103e-02,  1.23244561e-02, -1.49733492e-03,\n",
       "         7.60832950e-02,  4.71755862e-03,  5.96456323e-03,\n",
       "         6.43179268e-02,  1.29016191e-02, -1.66669488e-04],\n",
       "       [ 0.00000000e+00,  0.00000000e+00,  1.24640007e+01,\n",
       "         1.41668161e-02,  7.66749009e-02, -1.15660008e-03,\n",
       "        -7.34078959e-02,  4.12511975e-02, -2.19635051e-02,\n",
       "         7.39449784e-02,  2.76979953e-02, -2.58327890e-02,\n",
       "        -7.19503313e-02,  2.47243792e-02, -2.63973363e-02,\n",
       "         7.53125027e-02,  4.17842716e-02, -2.18995139e-02],\n",
       "       [ 3.76403034e-02,  2.77703613e-01,  1.41668161e-02,\n",
       "         1.51510343e-01,  8.07903591e-04, -1.24406926e-02,\n",
       "         2.25716494e-02, -4.99491952e-03,  2.91072484e-03,\n",
       "         2.41682958e-02,  3.25448276e-03, -3.41709564e-03,\n",
       "         2.43070535e-02, -2.89023062e-03,  3.50627024e-03,\n",
       "         2.25527007e-02,  5.04104001e-03, -2.89000361e-03],\n",
       "       [-2.78474003e-01,  3.67271043e-02,  7.66749009e-02,\n",
       "         8.07903591e-04,  4.05960649e-01, -1.26559389e-04,\n",
       "         1.11625660e-02,  1.16149373e-02,  9.79412347e-03,\n",
       "        -1.17566669e-02,  1.43949203e-02,  1.05180331e-02,\n",
       "        -1.48015916e-02,  2.40968280e-02,  9.55156516e-04,\n",
       "         1.60974804e-02,  2.69523636e-02,  1.82364741e-03],\n",
       "       [-2.07033362e-02, -7.62834847e-02, -1.15660008e-03,\n",
       "        -1.24406926e-02, -1.26559389e-04,  4.22441185e-01,\n",
       "         7.90563878e-03, -5.29407570e-03, -1.21721777e-03,\n",
       "         1.12800729e-02,  5.90468990e-03,  3.79935809e-04,\n",
       "        -1.58914626e-02, -4.66754753e-03, -1.64643291e-03,\n",
       "        -1.63018424e-02,  3.01820273e-03,  2.41779326e-03],\n",
       "       [ 9.48212575e-03,  6.64911494e-02, -7.34078959e-02,\n",
       "         2.25716494e-02,  1.11625660e-02,  7.90563878e-03,\n",
       "         2.90776752e-02, -3.03629739e-03,  1.88190630e-03,\n",
       "         0.00000000e+00,  0.00000000e+00,  0.00000000e+00,\n",
       "         0.00000000e+00,  0.00000000e+00,  0.00000000e+00,\n",
       "         0.00000000e+00,  0.00000000e+00,  0.00000000e+00],\n",
       "       [-5.52436262e-02,  7.09224492e-04,  4.12511975e-02,\n",
       "        -4.99491952e-03,  1.16149373e-02, -5.29407570e-03,\n",
       "        -3.03629739e-03,  2.88006403e-02,  5.59954625e-03,\n",
       "         0.00000000e+00,  0.00000000e+00,  0.00000000e+00,\n",
       "         0.00000000e+00,  0.00000000e+00,  0.00000000e+00,\n",
       "         0.00000000e+00,  0.00000000e+00,  0.00000000e+00],\n",
       "       [-1.92385968e-02,  6.18330948e-03, -2.19635051e-02,\n",
       "         2.91072484e-03,  9.79412347e-03, -1.21721777e-03,\n",
       "         1.88190630e-03,  5.59954625e-03,  1.73448212e-02,\n",
       "         0.00000000e+00,  0.00000000e+00,  0.00000000e+00,\n",
       "         0.00000000e+00,  0.00000000e+00,  0.00000000e+00,\n",
       "         0.00000000e+00,  0.00000000e+00,  0.00000000e+00],\n",
       "       [ 9.51252133e-03,  7.33503103e-02,  7.39449784e-02,\n",
       "         2.41682958e-02, -1.17566669e-02,  1.12800729e-02,\n",
       "         0.00000000e+00,  0.00000000e+00,  0.00000000e+00,\n",
       "         3.07416953e-02,  1.93721533e-03, -2.20952323e-03,\n",
       "         0.00000000e+00,  0.00000000e+00,  0.00000000e+00,\n",
       "         0.00000000e+00,  0.00000000e+00,  0.00000000e+00],\n",
       "       [-6.24729134e-02,  1.23244561e-02,  2.76979953e-02,\n",
       "         3.25448276e-03,  1.43949203e-02,  5.90468990e-03,\n",
       "         0.00000000e+00,  0.00000000e+00,  0.00000000e+00,\n",
       "         1.93721533e-03,  2.89895255e-02,  5.69398981e-03,\n",
       "         0.00000000e+00,  0.00000000e+00,  0.00000000e+00,\n",
       "         0.00000000e+00,  0.00000000e+00,  0.00000000e+00],\n",
       "       [-1.48720425e-02, -1.49733492e-03, -2.58327890e-02,\n",
       "        -3.41709564e-03,  1.05180331e-02,  3.79935809e-04,\n",
       "         0.00000000e+00,  0.00000000e+00,  0.00000000e+00,\n",
       "        -2.20952323e-03,  5.69398981e-03,  1.73448250e-02,\n",
       "         0.00000000e+00,  0.00000000e+00,  0.00000000e+00,\n",
       "         0.00000000e+00,  0.00000000e+00,  0.00000000e+00],\n",
       "       [ 1.07763335e-02,  7.60832950e-02, -7.19503313e-02,\n",
       "         2.43070535e-02, -1.48015916e-02, -1.58914626e-02,\n",
       "         0.00000000e+00,  0.00000000e+00,  0.00000000e+00,\n",
       "         0.00000000e+00,  0.00000000e+00,  0.00000000e+00,\n",
       "         3.08752265e-02, -1.70725747e-03,  2.26675346e-03,\n",
       "         0.00000000e+00,  0.00000000e+00,  0.00000000e+00],\n",
       "       [-6.46170527e-02,  4.71755862e-03,  2.47243792e-02,\n",
       "        -2.89023062e-03,  2.40968280e-02, -4.66754753e-03,\n",
       "         0.00000000e+00,  0.00000000e+00,  0.00000000e+00,\n",
       "         0.00000000e+00,  0.00000000e+00,  0.00000000e+00,\n",
       "        -1.70725747e-03,  2.89533250e-02,  5.67588676e-03,\n",
       "         0.00000000e+00,  0.00000000e+00,  0.00000000e+00],\n",
       "       [-1.25839803e-02,  5.96456323e-03, -2.63973363e-02,\n",
       "         3.50627024e-03,  9.55156516e-04, -1.64643291e-03,\n",
       "         0.00000000e+00,  0.00000000e+00,  0.00000000e+00,\n",
       "         0.00000000e+00,  0.00000000e+00,  0.00000000e+00,\n",
       "         2.26675346e-03,  5.67588676e-03,  1.73448194e-02,\n",
       "         0.00000000e+00,  0.00000000e+00,  0.00000000e+00],\n",
       "       [ 8.27707630e-03,  6.43179268e-02,  7.53125027e-02,\n",
       "         2.25527007e-02,  1.60974804e-02, -1.63018424e-02,\n",
       "         0.00000000e+00,  0.00000000e+00,  0.00000000e+00,\n",
       "         0.00000000e+00,  0.00000000e+00,  0.00000000e+00,\n",
       "         0.00000000e+00,  0.00000000e+00,  0.00000000e+00,\n",
       "         2.90558487e-02,  3.06551647e-03, -1.86846266e-03],\n",
       "       [-5.33827171e-02,  1.29016191e-02,  4.17842716e-02,\n",
       "         5.04104001e-03,  2.69523636e-02,  3.01820273e-03,\n",
       "         0.00000000e+00,  0.00000000e+00,  0.00000000e+00,\n",
       "         0.00000000e+00,  0.00000000e+00,  0.00000000e+00,\n",
       "         0.00000000e+00,  0.00000000e+00,  0.00000000e+00,\n",
       "         3.06551647e-03,  2.88230889e-02,  5.61076961e-03],\n",
       "       [-2.02764794e-02, -1.66669488e-04, -2.18995139e-02,\n",
       "        -2.89000361e-03,  1.82364741e-03,  2.41779326e-03,\n",
       "         0.00000000e+00,  0.00000000e+00,  0.00000000e+00,\n",
       "         0.00000000e+00,  0.00000000e+00,  0.00000000e+00,\n",
       "         0.00000000e+00,  0.00000000e+00,  0.00000000e+00,\n",
       "        -1.86846266e-03,  5.61076961e-03,  1.73448212e-02]],      dtype=float32), mass_mx_inv=Array([[ 8.39819834e-02,  1.79329902e-04, -1.44413649e-03,\n",
       "        -8.65955651e-03,  3.08653694e-02,  3.39008518e-03,\n",
       "        -2.49049235e-02,  1.40832394e-01,  3.27574685e-02,\n",
       "        -1.69082265e-02,  1.70061603e-01, -8.60565156e-03,\n",
       "        -1.31433911e-03,  1.61286905e-01,  6.43610163e-03,\n",
       "        -3.92456278e-02,  1.24966174e-01,  4.65422645e-02],\n",
       "       [ 1.79329931e-04,  8.51363838e-02,  2.15902153e-04,\n",
       "        -6.57160282e-02, -5.12748444e-03,  9.24182683e-03,\n",
       "        -1.47154614e-01, -2.70310063e-02,  9.38665774e-03,\n",
       "        -1.57796025e-01, -1.39442449e-02, -1.77385323e-02,\n",
       "        -1.57897711e-01, -2.67102029e-02,  1.50019210e-02,\n",
